{
 "cells": [
  {
   "cell_type": "code",
   "execution_count": 150,
   "metadata": {},
   "outputs": [],
   "source": [
    "from bokeh.plotting import figure, output_file, show\n",
    "import numpy as np\n",
    "import pandas as pd\n",
    "import xlrd\n",
    "data = xlrd.open_workbook('/Users/fulinguo/Desktop/family.xlsx')"
   ]
  },
  {
   "cell_type": "code",
   "execution_count": 151,
   "metadata": {},
   "outputs": [],
   "source": [
    "table = data.sheets()[0]\n",
    "nrows = table.nrows\n",
    "columns=table.row_values(0)\n",
    "income=[]\n",
    "for i in range(1,nrows):\n",
    "    income.append(table.row_values(i))\n",
    "income=np.array(income)\n",
    "income=pd.DataFrame(income,columns=columns)"
   ]
  },
  {
   "cell_type": "code",
   "execution_count": 152,
   "metadata": {},
   "outputs": [
    {
     "data": {
      "text/html": [
       "<div>\n",
       "<style scoped>\n",
       "    .dataframe tbody tr th:only-of-type {\n",
       "        vertical-align: middle;\n",
       "    }\n",
       "\n",
       "    .dataframe tbody tr th {\n",
       "        vertical-align: top;\n",
       "    }\n",
       "\n",
       "    .dataframe thead th {\n",
       "        text-align: right;\n",
       "    }\n",
       "</style>\n",
       "<table border=\"1\" class=\"dataframe\">\n",
       "  <thead>\n",
       "    <tr style=\"text-align: right;\">\n",
       "      <th></th>\n",
       "      <th>RELEASE NUMBER</th>\n",
       "      <th>FAMILY NUMBER</th>\n",
       "      <th>i1</th>\n",
       "      <th>s1</th>\n",
       "      <th>h1</th>\n",
       "      <th>w1</th>\n",
       "      <th>RELEASE NUMBER</th>\n",
       "      <th>1969 INT NUMBER</th>\n",
       "      <th>i2</th>\n",
       "      <th>s2</th>\n",
       "      <th>...</th>\n",
       "      <th>h39</th>\n",
       "      <th>w39</th>\n",
       "      <th>i39</th>\n",
       "      <th>RELEASE NUMBER</th>\n",
       "      <th>2017 FAMILY INTERVIEW (ID) NUMBER</th>\n",
       "      <th>s40</th>\n",
       "      <th>CURRENT STATE</th>\n",
       "      <th>h40</th>\n",
       "      <th>w40</th>\n",
       "      <th>i40</th>\n",
       "    </tr>\n",
       "  </thead>\n",
       "  <tbody>\n",
       "    <tr>\n",
       "      <th>0</th>\n",
       "      <td>3.0</td>\n",
       "      <td>1.0</td>\n",
       "      <td>13108.0</td>\n",
       "      <td>24.0</td>\n",
       "      <td>52.0</td>\n",
       "      <td>46.0</td>\n",
       "      <td>3.0</td>\n",
       "      <td>1597.0</td>\n",
       "      <td>6307.0</td>\n",
       "      <td>24.0</td>\n",
       "      <td>...</td>\n",
       "      <td>0.0</td>\n",
       "      <td>0.0</td>\n",
       "      <td>0.0</td>\n",
       "      <td>0.0</td>\n",
       "      <td>0.0</td>\n",
       "      <td>0.0</td>\n",
       "      <td>0.0</td>\n",
       "      <td>0.0</td>\n",
       "      <td>0.0</td>\n",
       "      <td>0.0</td>\n",
       "    </tr>\n",
       "    <tr>\n",
       "      <th>1</th>\n",
       "      <td>0.0</td>\n",
       "      <td>0.0</td>\n",
       "      <td>0.0</td>\n",
       "      <td>0.0</td>\n",
       "      <td>0.0</td>\n",
       "      <td>0.0</td>\n",
       "      <td>0.0</td>\n",
       "      <td>0.0</td>\n",
       "      <td>0.0</td>\n",
       "      <td>0.0</td>\n",
       "      <td>...</td>\n",
       "      <td>0.0</td>\n",
       "      <td>0.0</td>\n",
       "      <td>0.0</td>\n",
       "      <td>0.0</td>\n",
       "      <td>0.0</td>\n",
       "      <td>0.0</td>\n",
       "      <td>0.0</td>\n",
       "      <td>0.0</td>\n",
       "      <td>0.0</td>\n",
       "      <td>0.0</td>\n",
       "    </tr>\n",
       "    <tr>\n",
       "      <th>2</th>\n",
       "      <td>0.0</td>\n",
       "      <td>0.0</td>\n",
       "      <td>0.0</td>\n",
       "      <td>0.0</td>\n",
       "      <td>0.0</td>\n",
       "      <td>0.0</td>\n",
       "      <td>3.0</td>\n",
       "      <td>1964.0</td>\n",
       "      <td>9200.0</td>\n",
       "      <td>24.0</td>\n",
       "      <td>...</td>\n",
       "      <td>0.0</td>\n",
       "      <td>0.0</td>\n",
       "      <td>0.0</td>\n",
       "      <td>0.0</td>\n",
       "      <td>0.0</td>\n",
       "      <td>0.0</td>\n",
       "      <td>0.0</td>\n",
       "      <td>0.0</td>\n",
       "      <td>0.0</td>\n",
       "      <td>0.0</td>\n",
       "    </tr>\n",
       "    <tr>\n",
       "      <th>3</th>\n",
       "      <td>3.0</td>\n",
       "      <td>2.0</td>\n",
       "      <td>2604.0</td>\n",
       "      <td>24.0</td>\n",
       "      <td>56.0</td>\n",
       "      <td>57.0</td>\n",
       "      <td>3.0</td>\n",
       "      <td>592.0</td>\n",
       "      <td>2400.0</td>\n",
       "      <td>24.0</td>\n",
       "      <td>...</td>\n",
       "      <td>0.0</td>\n",
       "      <td>0.0</td>\n",
       "      <td>0.0</td>\n",
       "      <td>0.0</td>\n",
       "      <td>0.0</td>\n",
       "      <td>0.0</td>\n",
       "      <td>0.0</td>\n",
       "      <td>0.0</td>\n",
       "      <td>0.0</td>\n",
       "      <td>0.0</td>\n",
       "    </tr>\n",
       "    <tr>\n",
       "      <th>4</th>\n",
       "      <td>0.0</td>\n",
       "      <td>0.0</td>\n",
       "      <td>0.0</td>\n",
       "      <td>0.0</td>\n",
       "      <td>0.0</td>\n",
       "      <td>0.0</td>\n",
       "      <td>0.0</td>\n",
       "      <td>0.0</td>\n",
       "      <td>0.0</td>\n",
       "      <td>0.0</td>\n",
       "      <td>...</td>\n",
       "      <td>0.0</td>\n",
       "      <td>0.0</td>\n",
       "      <td>0.0</td>\n",
       "      <td>0.0</td>\n",
       "      <td>0.0</td>\n",
       "      <td>0.0</td>\n",
       "      <td>0.0</td>\n",
       "      <td>0.0</td>\n",
       "      <td>0.0</td>\n",
       "      <td>0.0</td>\n",
       "    </tr>\n",
       "  </tbody>\n",
       "</table>\n",
       "<p>5 rows × 263 columns</p>\n",
       "</div>"
      ],
      "text/plain": [
       "   RELEASE NUMBER  FAMILY NUMBER       i1    s1    h1    w1  RELEASE NUMBER  \\\n",
       "0             3.0            1.0  13108.0  24.0  52.0  46.0             3.0   \n",
       "1             0.0            0.0      0.0   0.0   0.0   0.0             0.0   \n",
       "2             0.0            0.0      0.0   0.0   0.0   0.0             3.0   \n",
       "3             3.0            2.0   2604.0  24.0  56.0  57.0             3.0   \n",
       "4             0.0            0.0      0.0   0.0   0.0   0.0             0.0   \n",
       "\n",
       "   1969 INT NUMBER      i2    s2 ...   h39  w39  i39  RELEASE NUMBER  \\\n",
       "0           1597.0  6307.0  24.0 ...   0.0  0.0  0.0             0.0   \n",
       "1              0.0     0.0   0.0 ...   0.0  0.0  0.0             0.0   \n",
       "2           1964.0  9200.0  24.0 ...   0.0  0.0  0.0             0.0   \n",
       "3            592.0  2400.0  24.0 ...   0.0  0.0  0.0             0.0   \n",
       "4              0.0     0.0   0.0 ...   0.0  0.0  0.0             0.0   \n",
       "\n",
       "   2017 FAMILY INTERVIEW (ID) NUMBER  s40  CURRENT STATE  h40  w40  i40  \n",
       "0                                0.0  0.0            0.0  0.0  0.0  0.0  \n",
       "1                                0.0  0.0            0.0  0.0  0.0  0.0  \n",
       "2                                0.0  0.0            0.0  0.0  0.0  0.0  \n",
       "3                                0.0  0.0            0.0  0.0  0.0  0.0  \n",
       "4                                0.0  0.0            0.0  0.0  0.0  0.0  \n",
       "\n",
       "[5 rows x 263 columns]"
      ]
     },
     "execution_count": 152,
     "metadata": {},
     "output_type": "execute_result"
    }
   ],
   "source": [
    "income=income.replace('',0)\n",
    "income=income.astype('float')\n",
    "income.head()"
   ]
  },
  {
   "cell_type": "code",
   "execution_count": 153,
   "metadata": {},
   "outputs": [],
   "source": [
    "headage_ind=[i for i in columns if 'h' in i]\n",
    "wifeage_ind=[i for i in columns if 'w' in i]\n",
    "inc_ind=[i for i in columns if 'i' in i]\n",
    "state_ind=[i for i in columns if 's' in i]\n",
    "hanum=[]\n",
    "wanum=[]\n",
    "incnum=[]\n",
    "stanum=[]\n",
    "for i in headage_ind:\n",
    "    hanum.append(columns.index(i))\n",
    "for i in wifeage_ind:\n",
    "    wanum.append(columns.index(i))\n",
    "for i in inc_ind:\n",
    "    incnum.append(columns.index(i))\n",
    "for i in state_ind:\n",
    "    stanum.append(columns.index(i))"
   ]
  },
  {
   "cell_type": "code",
   "execution_count": 154,
   "metadata": {
    "scrolled": true
   },
   "outputs": [
    {
     "data": {
      "text/plain": [
       "array([[ 9168.  ,  5692.  ,  3020.  ],\n",
       "       [10100.  ,  6328.  ,  3453.  ],\n",
       "       [11030.  ,  6900.  ,  3800.  ],\n",
       "       [11800.  ,  7255.  ,  4000.  ],\n",
       "       [12502.  ,  7756.5 ,  4204.  ],\n",
       "       [13300.  ,  8230.  ,  4512.  ],\n",
       "       [14439.  ,  9005.  ,  4859.  ],\n",
       "       [15600.  ,  9576.  ,  5360.  ],\n",
       "       [16600.  , 10200.  ,  5601.25],\n",
       "       [18497.5 , 11200.  ,  5965.  ],\n",
       "       [20300.  , 12200.  ,  6500.  ],\n",
       "       [22500.  , 13624.  ,  7029.  ],\n",
       "       [25025.  , 15154.  ,  7936.  ],\n",
       "       [26979.25, 16145.  ,  8500.  ],\n",
       "       [29074.25, 17500.  ,  9000.  ],\n",
       "       [30300.  , 18000.  ,  9100.  ],\n",
       "       [32793.5 , 19170.5 ,  9337.  ],\n",
       "       [35500.  , 20920.  , 10240.75],\n",
       "       [37000.  , 22046.  , 10752.  ],\n",
       "       [38800.  , 23000.  , 11233.  ],\n",
       "       [41000.  , 24000.  , 11829.  ],\n",
       "       [43795.  , 25900.5 , 12666.  ],\n",
       "       [43000.  , 24790.  , 11914.5 ],\n",
       "       [44210.  , 25776.  , 12200.  ],\n",
       "       [45400.  , 26090.  , 12323.  ],\n",
       "       [48624.  , 27270.  , 12648.  ],\n",
       "       [93703.  , 39248.  , 17850.  ],\n",
       "       [89002.  , 40000.  , 18001.  ],\n",
       "       [55997.  , 32378.  , 15778.5 ],\n",
       "       [59155.  , 34600.  , 18168.  ],\n",
       "       [66024.25, 39500.  , 21500.  ],\n",
       "       [72946.  , 42580.  , 22800.  ],\n",
       "       [73400.  , 42038.  , 22604.5 ],\n",
       "       [77700.  , 45000.  , 23000.  ],\n",
       "       [82410.  , 47572.  , 24480.  ],\n",
       "       [86500.  , 50000.  , 26000.  ],\n",
       "       [83500.  , 46324.5 , 23271.  ],\n",
       "       [87573.  , 48377.  , 23763.  ],\n",
       "       [91012.  , 50000.  , 25000.  ],\n",
       "       [95190.  , 53126.  , 28000.  ]])"
      ]
     },
     "execution_count": 154,
     "metadata": {},
     "output_type": "execute_result"
    }
   ],
   "source": [
    "inc_quan=[]\n",
    "for ind in inc_ind:\n",
    "    upp=income[(income[ind]!=0)][ind].quantile(0.75)\n",
    "    med=income[(income[ind]!=0)][ind].quantile(0.5)\n",
    "    low=income[(income[ind]!=0)][ind].quantile(0.25)\n",
    "    inc_quan.append([upp,med,low])\n",
    "inc_quan=np.array(inc_quan)\n",
    "inc_quan"
   ]
  },
  {
   "cell_type": "code",
   "execution_count": 155,
   "metadata": {},
   "outputs": [
    {
     "data": {
      "text/plain": [
       "array([[3.0000e+00, 1.0000e+00, 1.3108e+04, ..., 0.0000e+00, 0.0000e+00,\n",
       "        0.0000e+00],\n",
       "       [0.0000e+00, 0.0000e+00, 0.0000e+00, ..., 0.0000e+00, 0.0000e+00,\n",
       "        0.0000e+00],\n",
       "       [0.0000e+00, 0.0000e+00, 0.0000e+00, ..., 0.0000e+00, 0.0000e+00,\n",
       "        0.0000e+00],\n",
       "       ...,\n",
       "       [0.0000e+00, 0.0000e+00, 0.0000e+00, ..., 0.0000e+00, 0.0000e+00,\n",
       "        0.0000e+00],\n",
       "       [0.0000e+00, 0.0000e+00, 0.0000e+00, ..., 0.0000e+00, 0.0000e+00,\n",
       "        0.0000e+00],\n",
       "       [0.0000e+00, 0.0000e+00, 0.0000e+00, ..., 0.0000e+00, 0.0000e+00,\n",
       "        0.0000e+00]])"
      ]
     },
     "execution_count": 155,
     "metadata": {},
     "output_type": "execute_result"
    }
   ],
   "source": [
    "income.values"
   ]
  },
  {
   "cell_type": "code",
   "execution_count": 156,
   "metadata": {},
   "outputs": [],
   "source": [
    "med_mar1=[[0]*16]*59\n",
    "med_mar1=np.array(med_mar1)\n",
    "for i in range(len(income)):\n",
    "    for j in range(len(headage_ind)-2):\n",
    "        type=16\n",
    "        if j<=21:\n",
    "            age=(income.values[i][wanum[j]]+income.values[i][hanum[j]])/2\n",
    "            inc=income.values[i][incnum[j]]\n",
    "            age2=(income.values[i][wanum[j+1]]+income.values[i][hanum[j+1]])/2 # set the period interval be 1 year\n",
    "            inc2=income.values[i][incnum[j+1]]\n",
    "            #elif j>=23:\n",
    "            #age=income.values[i][4+5*j]\n",
    "            #inc=income.values[i][5+5*j]\n",
    "            #age2=income.values[i][4+5*(j+1)]\n",
    "            #inc2=income.values[i][5+5*(j+1)]\n",
    "        if (age>=20) & (age2>=20) & (age<=78) &(age2<=80) & (inc!=0) & (inc2!=0):\n",
    "            if (inc<inc_quan[j][2]) & (inc2<inc_quan[j+1][2]):\n",
    "                type=0\n",
    "            elif (inc<inc_quan[j][2]) & (inc2>=inc_quan[j+1][2]) & (inc2<inc_quan[j+1][1]):\n",
    "                type=1\n",
    "            elif (inc<inc_quan[j][2]) & (inc2>=inc_quan[j+1][1]) & (inc2<inc_quan[j+1][0]):\n",
    "                type=2\n",
    "            elif (inc<inc_quan[j][2]) & (inc2>=inc_quan[j+1][0]):\n",
    "                type=3\n",
    "            elif (inc<inc_quan[j][1]) & (inc>=inc_quan[j][2]) & (inc2<inc_quan[j+1][2]):\n",
    "                type=4\n",
    "            elif (inc<inc_quan[j][1]) & (inc>=inc_quan[j][2]) & (inc2>=inc_quan[j+1][2]) & (inc2<inc_quan[j+1][1]):\n",
    "                type=5\n",
    "            elif (inc<inc_quan[j][1]) & (inc>=inc_quan[j][2]) & (inc2>=inc_quan[j+1][1]) & (inc2<inc_quan[j+1][0]):\n",
    "                type=6\n",
    "            elif (inc<inc_quan[j][1]) & (inc>=inc_quan[j][2]) & (inc2>=inc_quan[j+1][0]):\n",
    "                type=7\n",
    "            elif (inc<inc_quan[j][0]) & (inc>=inc_quan[j][1]) & (inc2<inc_quan[j+1][2]):\n",
    "                type=8\n",
    "            elif (inc<inc_quan[j][0]) & (inc>=inc_quan[j][1]) & (inc2>=inc_quan[j+1][2]) & (inc2<inc_quan[j+1][1]):\n",
    "                type=9\n",
    "            elif (inc<inc_quan[j][0]) & (inc>=inc_quan[j][1]) & (inc2>=inc_quan[j+1][1]) & (inc2<inc_quan[j+1][0]):\n",
    "                type=10\n",
    "            elif (inc<inc_quan[j][0]) & (inc>=inc_quan[j][1]) & (inc2>=inc_quan[j+1][0]):\n",
    "                type=11\n",
    "            elif (inc>=inc_quan[j][0]) & (inc2<inc_quan[j+1][2]):\n",
    "                type=12\n",
    "            elif (inc>=inc_quan[j][0]) & (inc2>=inc_quan[j+1][2]) & (inc2<inc_quan[j+1][1]):\n",
    "                type=13\n",
    "            elif (inc>=inc_quan[j][0]) & (inc2>=inc_quan[j+1][1]) & (inc2<inc_quan[j+1][0]):\n",
    "                type=14\n",
    "            elif (inc>=inc_quan[j][0]) & (inc2>=inc_quan[j+1][0]):\n",
    "                type=15\n",
    "            med_mar1[int(age)-20][type]+=1"
   ]
  },
  {
   "cell_type": "code",
   "execution_count": 157,
   "metadata": {},
   "outputs": [
    {
     "name": "stdout",
     "output_type": "stream",
     "text": [
      "Number matrices:\n",
      " [[[1071  256   20    3]\n",
      "  [ 244  846  227   13]\n",
      "  [  26  191  447  102]\n",
      "  [   3   16   70  174]]\n",
      "\n",
      " [[ 846  339   54    8]\n",
      "  [ 208  925  322   28]\n",
      "  [  15  228  631  157]\n",
      "  [   2   27   95  210]]\n",
      "\n",
      " [[ 876  304   38    8]\n",
      "  [ 239 1058  323   35]\n",
      "  [  16  235  736  199]\n",
      "  [   2   23  126  336]]\n",
      "\n",
      " [[1047  328   33    8]\n",
      "  [ 263 1112  382   30]\n",
      "  [  25  255  930  225]\n",
      "  [   4   20  185  408]]\n",
      "\n",
      " [[1123  328   28    5]\n",
      "  [ 293 1098  422   39]\n",
      "  [  30  311 1015  242]\n",
      "  [   2   29  175  507]]\n",
      "\n",
      " [[1078  282   25    3]\n",
      "  [ 265 1194  452   40]\n",
      "  [  24  325 1177  257]\n",
      "  [   3   27  223  656]]\n",
      "\n",
      " [[1266  266   18    2]\n",
      "  [ 289 1204  418   30]\n",
      "  [  44  303 1186  315]\n",
      "  [  12   24  192  759]]\n",
      "\n",
      " [[1385  278   44    4]\n",
      "  [ 279 1182  403   26]\n",
      "  [  46  365 1186  271]\n",
      "  [   7   35  245  810]]\n",
      "\n",
      " [[1230  259   30    4]\n",
      "  [ 263 1339  379   24]\n",
      "  [  37  352 1387  299]\n",
      "  [   8   32  270  992]]\n",
      "\n",
      " [[1430  285   44    6]\n",
      "  [ 321 1382  396   39]\n",
      "  [  59  385 1384  298]\n",
      "  [   6   56  262 1002]]\n",
      "\n",
      " [[1524  298   45    3]\n",
      "  [ 309 1227  302   27]\n",
      "  [  18  369 1263  269]\n",
      "  [   5   31  286 1038]]\n",
      "\n",
      " [[1443  185   26    4]\n",
      "  [ 221 1129  301   11]\n",
      "  [  31  283 1266  281]\n",
      "  [   4   20  252 1153]]\n",
      "\n",
      " [[1713  224   13    3]\n",
      "  [ 290 1117  296   32]\n",
      "  [  25  279 1260  292]\n",
      "  [   1   19  225 1197]]\n",
      "\n",
      " [[1612  232   25    2]\n",
      "  [ 202 1023  302   18]\n",
      "  [  24  249 1135  226]\n",
      "  [   3   33  200 1098]]\n",
      "\n",
      " [[1501  247   14    3]\n",
      "  [ 153 1075  337   31]\n",
      "  [   6  271 1145  278]\n",
      "  [   1   19  230 1074]]\n",
      "\n",
      " [[1345  225   22    2]\n",
      "  [ 165  966  273   20]\n",
      "  [  25  283 1193  284]\n",
      "  [  12   34  261 1199]]\n",
      "\n",
      " [[1570  165   34    7]\n",
      "  [ 184  915  248   26]\n",
      "  [  21  216  914  195]\n",
      "  [   5   21  237 1126]]\n",
      "\n",
      " [[1326  187   19    3]\n",
      "  [ 180  634  215   11]\n",
      "  [  27  196  867  263]\n",
      "  [   3   27  232 1259]]\n",
      "\n",
      " [[1208  159   27    3]\n",
      "  [ 140  630  187   24]\n",
      "  [  36  158  887  248]\n",
      "  [   0   33  205 1169]]\n",
      "\n",
      " [[1234  113   10    1]\n",
      "  [ 121  583  282   23]\n",
      "  [  17  133  938  279]\n",
      "  [   3   12  153 1092]]\n",
      "\n",
      " [[ 896  118    7    2]\n",
      "  [ 107  533  144    8]\n",
      "  [  31  131  809  208]\n",
      "  [  11   15  219 1157]]\n",
      "\n",
      " [[ 764  103   34   13]\n",
      "  [  90  433  189   23]\n",
      "  [  23  150  842  227]\n",
      "  [  10   14  217 1198]]\n",
      "\n",
      " [[ 550  106   12    3]\n",
      "  [  53  383  143    7]\n",
      "  [  16  105  610  179]\n",
      "  [   3   21  167 1072]]\n",
      "\n",
      " [[ 427   99   12    2]\n",
      "  [  77  369  120   14]\n",
      "  [   7  107  515  183]\n",
      "  [   6   12  180  945]]\n",
      "\n",
      " [[ 336   55    8    2]\n",
      "  [  69  180  114   29]\n",
      "  [  12  112  452  172]\n",
      "  [   1   15  137  951]]\n",
      "\n",
      " [[ 229   67    6    1]\n",
      "  [  42  239  136    7]\n",
      "  [   5  100  475  146]\n",
      "  [   2   15  172  884]]\n",
      "\n",
      " [[ 190   44    5    1]\n",
      "  [  76  238   68   11]\n",
      "  [  23  127  375  143]\n",
      "  [   0   12  142  872]]\n",
      "\n",
      " [[ 181   23    3    1]\n",
      "  [  51  231   85   11]\n",
      "  [  12   89  367  101]\n",
      "  [  11   13  148  765]]\n",
      "\n",
      " [[  95   49   10    0]\n",
      "  [  45  213   64    5]\n",
      "  [  10  108  339   93]\n",
      "  [   2   10  119  708]]\n",
      "\n",
      " [[  93   53    4    1]\n",
      "  [  23  151   70   13]\n",
      "  [  15   81  327   80]\n",
      "  [   8    8  143  670]]\n",
      "\n",
      " [[  75   74   20    2]\n",
      "  [  28  187   75    8]\n",
      "  [  24   91  347   81]\n",
      "  [   6   24  119  710]]\n",
      "\n",
      " [[ 119   57    9    2]\n",
      "  [  37  217   78   12]\n",
      "  [  14   89  340   84]\n",
      "  [   3   13  121  656]]\n",
      "\n",
      " [[ 135   41    5    3]\n",
      "  [  61  261   65   21]\n",
      "  [   9   88  300   98]\n",
      "  [   4   12   87  566]]\n",
      "\n",
      " [[ 164   46    7    1]\n",
      "  [  29  230   85    8]\n",
      "  [   8   64  293   92]\n",
      "  [   3   10   77  529]]\n",
      "\n",
      " [[ 116   69   11   17]\n",
      "  [  81  227   71    4]\n",
      "  [  20   73  279   80]\n",
      "  [   7   19   81  575]]\n",
      "\n",
      " [[ 246   68   15    1]\n",
      "  [  61  285   40    7]\n",
      "  [  10   94  224   62]\n",
      "  [   1   16   83  552]]\n",
      "\n",
      " [[ 145   57    9    0]\n",
      "  [  52  271   88   14]\n",
      "  [  19   82  270   80]\n",
      "  [   3   17   89  491]]\n",
      "\n",
      " [[ 169   54    3    1]\n",
      "  [  60  324   80    6]\n",
      "  [  22   99  335   64]\n",
      "  [   2   21  111  481]]\n",
      "\n",
      " [[ 193   47    7    0]\n",
      "  [  83  294   72    7]\n",
      "  [  13   94  304   82]\n",
      "  [   2   16   88  389]]\n",
      "\n",
      " [[ 245   58    9    2]\n",
      "  [  58  296   72    4]\n",
      "  [   6   84  255   60]\n",
      "  [   1    8   85  427]]\n",
      "\n",
      " [[ 257   45    4    0]\n",
      "  [  69  253   53    8]\n",
      "  [   6   78  223   39]\n",
      "  [   1   10   87  357]]\n",
      "\n",
      " [[ 216   44    0    1]\n",
      "  [  49  291   63   16]\n",
      "  [   3   98  246   40]\n",
      "  [   0   19   72  332]]\n",
      "\n",
      " [[ 229   48    5    0]\n",
      "  [  82  320   84    6]\n",
      "  [   6  116  196   65]\n",
      "  [   0   18   71  243]]\n",
      "\n",
      " [[ 204   31    2    2]\n",
      "  [  65  261   38    5]\n",
      "  [   6   88  161   20]\n",
      "  [   3    6   48  155]]\n",
      "\n",
      " [[ 235   50    4    2]\n",
      "  [  85  302   88   11]\n",
      "  [  19  108  173   26]\n",
      "  [   4   24   71  136]]\n",
      "\n",
      " [[ 232   69    2    1]\n",
      "  [  82  275   50    1]\n",
      "  [  11   71  182   36]\n",
      "  [   2    5   45  123]]\n",
      "\n",
      " [[ 323   59   13    7]\n",
      "  [  52  270   36    1]\n",
      "  [   5   49  143   19]\n",
      "  [   0    7   31  116]]\n",
      "\n",
      " [[ 252   57    9    0]\n",
      "  [  59  244   42    6]\n",
      "  [   1   48  134   11]\n",
      "  [   1    3   24   67]]\n",
      "\n",
      " [[ 246   34    3    0]\n",
      "  [  55  239   26    3]\n",
      "  [   2   43  106   13]\n",
      "  [   1    2    7   73]]\n",
      "\n",
      " [[ 279   68    1    0]\n",
      "  [  41  244   46    2]\n",
      "  [   1   58  106   22]\n",
      "  [   6   14   28   63]]\n",
      "\n",
      " [[ 206   34    1    0]\n",
      "  [  42  199   34    2]\n",
      "  [  11   32   80   11]\n",
      "  [   8    1   22   70]]\n",
      "\n",
      " [[ 201   27    2    0]\n",
      "  [  25  144   28    2]\n",
      "  [   3   32   91    7]\n",
      "  [   0    4   16   40]]\n",
      "\n",
      " [[ 286   14    2    0]\n",
      "  [  28  210   25    1]\n",
      "  [   0   38   89    8]\n",
      "  [   0    3   12   54]]\n",
      "\n",
      " [[ 209   20    1    0]\n",
      "  [  21  148    8    0]\n",
      "  [   0   25   69    7]\n",
      "  [   0    1   14   34]]\n",
      "\n",
      " [[ 163    9    0    0]\n",
      "  [  27  100   14    0]\n",
      "  [   1   22   65   10]\n",
      "  [   0    0    8   54]]\n",
      "\n",
      " [[ 147   22    1    0]\n",
      "  [  30   99   11    0]\n",
      "  [   0   15   43    5]\n",
      "  [   0    0    6   23]]\n",
      "\n",
      " [[  93   10    1    0]\n",
      "  [  14   92   19    0]\n",
      "  [   1   17   55    4]\n",
      "  [   0    0    3   28]]\n",
      "\n",
      " [[  78   16    0    0]\n",
      "  [  25  129   19    1]\n",
      "  [   1   23   34    6]\n",
      "  [   0   12    9   14]]\n",
      "\n",
      " [[  94    8    0    0]\n",
      "  [   5   53    5    0]\n",
      "  [   0    3    7    3]\n",
      "  [   0    0    0    8]]]\n"
     ]
    }
   ],
   "source": [
    "med_mar1=med_mar1.reshape(59,4,4)\n",
    "print('Number matrices:\\n',med_mar1)\n",
    "markov1=[]\n",
    "for i in range(len(med_mar1)):\n",
    "    for j in range(4):\n",
    "        sum_quan=sum(med_mar1[i][j])\n",
    "        med_mar1[i][j]/max(sum_quan,0.1)\n",
    "        markov1.append(med_mar1[i][j]/max(sum_quan,0.1))\n",
    "markov1=np.array(markov1)\n",
    "markov1=markov1.reshape(59,4,4)"
   ]
  },
  {
   "cell_type": "code",
   "execution_count": 158,
   "metadata": {},
   "outputs": [
    {
     "name": "stdout",
     "output_type": "stream",
     "text": [
      "[[[7.93333333e-01 1.89629630e-01 1.48148148e-02 2.22222222e-03]\n",
      "  [1.83458647e-01 6.36090226e-01 1.70676692e-01 9.77443609e-03]\n",
      "  [3.39425587e-02 2.49347258e-01 5.83550914e-01 1.33159269e-01]\n",
      "  [1.14068441e-02 6.08365019e-02 2.66159696e-01 6.61596958e-01]]\n",
      "\n",
      " [[6.78428228e-01 2.71852446e-01 4.33039294e-02 6.41539695e-03]\n",
      "  [1.40256237e-01 6.23735671e-01 2.17127444e-01 1.88806473e-02]\n",
      "  [1.45489816e-02 2.21144520e-01 6.12027158e-01 1.52279340e-01]\n",
      "  [5.98802395e-03 8.08383234e-02 2.84431138e-01 6.28742515e-01]]\n",
      "\n",
      " [[7.14518760e-01 2.47960848e-01 3.09951060e-02 6.52528548e-03]\n",
      "  [1.44410876e-01 6.39274924e-01 1.95166163e-01 2.11480363e-02]\n",
      "  [1.34907251e-02 1.98145025e-01 6.20573356e-01 1.67790894e-01]\n",
      "  [4.10677618e-03 4.72279261e-02 2.58726899e-01 6.89938398e-01]]\n",
      "\n",
      " [[7.39406780e-01 2.31638418e-01 2.33050847e-02 5.64971751e-03]\n",
      "  [1.47174035e-01 6.22271964e-01 2.13766088e-01 1.67879127e-02]\n",
      "  [1.74216028e-02 1.77700348e-01 6.48083624e-01 1.56794425e-01]\n",
      "  [6.48298217e-03 3.24149109e-02 2.99837925e-01 6.61264182e-01]]\n",
      "\n",
      " [[7.56738544e-01 2.21024259e-01 1.88679245e-02 3.36927224e-03]\n",
      "  [1.58207343e-01 5.92872570e-01 2.27861771e-01 2.10583153e-02]\n",
      "  [1.87734668e-02 1.94618273e-01 6.35168961e-01 1.51439299e-01]\n",
      "  [2.80504909e-03 4.06732118e-02 2.45441795e-01 7.11079944e-01]]\n",
      "\n",
      " [[7.76657061e-01 2.03170029e-01 1.80115274e-02 2.16138329e-03]\n",
      "  [1.35827781e-01 6.11993849e-01 2.31676064e-01 2.05023065e-02]\n",
      "  [1.34604599e-02 1.82277061e-01 6.60123388e-01 1.44139091e-01]\n",
      "  [3.30033003e-03 2.97029703e-02 2.45324532e-01 7.21672167e-01]]\n",
      "\n",
      " [[8.15721649e-01 1.71391753e-01 1.15979381e-02 1.28865979e-03]\n",
      "  [1.48892324e-01 6.20298815e-01 2.15352911e-01 1.54559505e-02]\n",
      "  [2.38095238e-02 1.63961039e-01 6.41774892e-01 1.70454545e-01]\n",
      "  [1.21580547e-02 2.43161094e-02 1.94528875e-01 7.68996960e-01]]\n",
      "\n",
      " [[8.09468147e-01 1.62478083e-01 2.57159556e-02 2.33781414e-03]\n",
      "  [1.47619048e-01 6.25396825e-01 2.13227513e-01 1.37566138e-02]\n",
      "  [2.46252677e-02 1.95396146e-01 6.34903640e-01 1.45074946e-01]\n",
      "  [6.38103920e-03 3.19051960e-02 2.23336372e-01 7.38377393e-01]]\n",
      "\n",
      " [[8.07616546e-01 1.70059094e-01 1.96979645e-02 2.62639527e-03]\n",
      "  [1.31172070e-01 6.67830424e-01 1.89027431e-01 1.19700748e-02]\n",
      "  [1.78313253e-02 1.69638554e-01 6.68433735e-01 1.44096386e-01]\n",
      "  [6.14439324e-03 2.45775730e-02 2.07373272e-01 7.61904762e-01]]\n",
      "\n",
      " [[8.10198300e-01 1.61473088e-01 2.49291785e-02 3.39943343e-03]\n",
      "  [1.50140318e-01 6.46398503e-01 1.85219832e-01 1.82413471e-02]\n",
      "  [2.77516463e-02 1.81091251e-01 6.50987770e-01 1.40169332e-01]\n",
      "  [4.52488688e-03 4.22322775e-02 1.97586727e-01 7.55656109e-01]]\n",
      "\n",
      " [[8.14973262e-01 1.59358289e-01 2.40641711e-02 1.60427807e-03]\n",
      "  [1.65683646e-01 6.57908847e-01 1.61930295e-01 1.44772118e-02]\n",
      "  [9.37988536e-03 1.92287650e-01 6.58155289e-01 1.40177176e-01]\n",
      "  [3.67647059e-03 2.27941176e-02 2.10294118e-01 7.63235294e-01]]\n",
      "\n",
      " [[8.70325694e-01 1.11580217e-01 1.56815440e-02 2.41254524e-03]\n",
      "  [1.32972323e-01 6.79302046e-01 1.81107100e-01 6.61853189e-03]\n",
      "  [1.66577109e-02 1.52068780e-01 6.80279420e-01 1.50994089e-01]\n",
      "  [2.79916025e-03 1.39958013e-02 1.76347096e-01 8.06857943e-01]]\n",
      "\n",
      " [[8.77112135e-01 1.14695341e-01 6.65642601e-03 1.53609831e-03]\n",
      "  [1.67146974e-01 6.43804035e-01 1.70605187e-01 1.84438040e-02]\n",
      "  [1.34698276e-02 1.50323276e-01 6.78879310e-01 1.57327586e-01]\n",
      "  [6.93481276e-04 1.31761442e-02 1.56033287e-01 8.30097087e-01]]\n",
      "\n",
      " [[8.61571352e-01 1.23997862e-01 1.33618386e-02 1.06894709e-03]\n",
      "  [1.30744337e-01 6.62135922e-01 1.95469256e-01 1.16504854e-02]\n",
      "  [1.46878825e-02 1.52386781e-01 6.94614443e-01 1.38310894e-01]\n",
      "  [2.24887556e-03 2.47376312e-02 1.49925037e-01 8.23088456e-01]]\n",
      "\n",
      " [[8.50424929e-01 1.39943343e-01 7.93201133e-03 1.69971671e-03]\n",
      "  [9.58646617e-02 6.73558897e-01 2.11152882e-01 1.94235589e-02]\n",
      "  [3.52941176e-03 1.59411765e-01 6.73529412e-01 1.63529412e-01]\n",
      "  [7.55287009e-04 1.43504532e-02 1.73716012e-01 8.11178248e-01]]\n",
      "\n",
      " [[8.43789210e-01 1.41154329e-01 1.38017566e-02 1.25470514e-03]\n",
      "  [1.15870787e-01 6.78370787e-01 1.91713483e-01 1.40449438e-02]\n",
      "  [1.40056022e-02 1.58543417e-01 6.68347339e-01 1.59103641e-01]\n",
      "  [7.96812749e-03 2.25763612e-02 1.73306773e-01 7.96148738e-01]]\n",
      "\n",
      " [[8.84009009e-01 9.29054054e-02 1.91441441e-02 3.94144144e-03]\n",
      "  [1.34013110e-01 6.66423889e-01 1.80626366e-01 1.89366351e-02]\n",
      "  [1.56017831e-02 1.60475483e-01 6.79049034e-01 1.44873700e-01]\n",
      "  [3.59971202e-03 1.51187905e-02 1.70626350e-01 8.10655148e-01]]\n",
      "\n",
      " [[8.63843648e-01 1.21824104e-01 1.23778502e-02 1.95439739e-03]\n",
      "  [1.73076923e-01 6.09615385e-01 2.06730769e-01 1.05769231e-02]\n",
      "  [1.99556541e-02 1.44863267e-01 6.40798226e-01 1.94382853e-01]\n",
      "  [1.97238659e-03 1.77514793e-02 1.52531229e-01 8.27744905e-01]]\n",
      "\n",
      " [[8.64710093e-01 1.13815319e-01 1.93271296e-02 2.14745884e-03]\n",
      "  [1.42711519e-01 6.42201835e-01 1.90621814e-01 2.44648318e-02]\n",
      "  [2.70880361e-02 1.18886381e-01 6.67419112e-01 1.86606471e-01]\n",
      "  [0.00000000e+00 2.34541578e-02 1.45700071e-01 8.30845771e-01]]\n",
      "\n",
      " [[9.08689249e-01 8.32106038e-02 7.36377025e-03 7.36377025e-04]\n",
      "  [1.19920714e-01 5.77799802e-01 2.79484638e-01 2.27948464e-02]\n",
      "  [1.24359912e-02 9.72933431e-02 6.86174104e-01 2.04096562e-01]\n",
      "  [2.38095238e-03 9.52380952e-03 1.21428571e-01 8.66666667e-01]]\n",
      "\n",
      " [[8.75855327e-01 1.15347019e-01 6.84261975e-03 1.95503421e-03]\n",
      "  [1.35101010e-01 6.72979798e-01 1.81818182e-01 1.01010101e-02]\n",
      "  [2.62934690e-02 1.11111111e-01 6.86174724e-01 1.76420696e-01]\n",
      "  [7.84593438e-03 1.06990014e-02 1.56205421e-01 8.25249643e-01]]\n",
      "\n",
      " [[8.35886214e-01 1.12691466e-01 3.71991247e-02 1.42231947e-02]\n",
      "  [1.22448980e-01 5.89115646e-01 2.57142857e-01 3.12925170e-02]\n",
      "  [1.85185185e-02 1.20772947e-01 6.77938808e-01 1.82769726e-01]\n",
      "  [6.94927033e-03 9.72897846e-03 1.50799166e-01 8.32522585e-01]]\n",
      "\n",
      " [[8.19672131e-01 1.57973174e-01 1.78837556e-02 4.47093890e-03]\n",
      "  [9.04436860e-02 6.53583618e-01 2.44027304e-01 1.19453925e-02]\n",
      "  [1.75824176e-02 1.15384615e-01 6.70329670e-01 1.96703297e-01]\n",
      "  [2.37529691e-03 1.66270784e-02 1.32224861e-01 8.48772763e-01]]\n",
      "\n",
      " [[7.90740741e-01 1.83333333e-01 2.22222222e-02 3.70370370e-03]\n",
      "  [1.32758621e-01 6.36206897e-01 2.06896552e-01 2.41379310e-02]\n",
      "  [8.62068966e-03 1.31773399e-01 6.34236453e-01 2.25369458e-01]\n",
      "  [5.24934383e-03 1.04986877e-02 1.57480315e-01 8.26771654e-01]]\n",
      "\n",
      " [[8.37905237e-01 1.37157107e-01 1.99501247e-02 4.98753117e-03]\n",
      "  [1.76020408e-01 4.59183673e-01 2.90816327e-01 7.39795918e-02]\n",
      "  [1.60427807e-02 1.49732620e-01 6.04278075e-01 2.29946524e-01]\n",
      "  [9.05797101e-04 1.35869565e-02 1.24094203e-01 8.61413043e-01]]\n",
      "\n",
      " [[7.55775578e-01 2.21122112e-01 1.98019802e-02 3.30033003e-03]\n",
      "  [9.90566038e-02 5.63679245e-01 3.20754717e-01 1.65094340e-02]\n",
      "  [6.88705234e-03 1.37741047e-01 6.54269972e-01 2.01101928e-01]\n",
      "  [1.86393290e-03 1.39794967e-02 1.60298229e-01 8.23858341e-01]]\n",
      "\n",
      " [[7.91666667e-01 1.83333333e-01 2.08333333e-02 4.16666667e-03]\n",
      "  [1.93384224e-01 6.05597964e-01 1.73027990e-01 2.79898219e-02]\n",
      "  [3.44311377e-02 1.90119760e-01 5.61377246e-01 2.14071856e-01]\n",
      "  [0.00000000e+00 1.16959064e-02 1.38401559e-01 8.49902534e-01]]\n",
      "\n",
      " [[8.70192308e-01 1.10576923e-01 1.44230769e-02 4.80769231e-03]\n",
      "  [1.34920635e-01 6.11111111e-01 2.24867725e-01 2.91005291e-02]\n",
      "  [2.10896309e-02 1.56414763e-01 6.44991213e-01 1.77504394e-01]\n",
      "  [1.17395945e-02 1.38740662e-02 1.57950907e-01 8.16435432e-01]]\n",
      "\n",
      " [[6.16883117e-01 3.18181818e-01 6.49350649e-02 0.00000000e+00]\n",
      "  [1.37614679e-01 6.51376147e-01 1.95718654e-01 1.52905199e-02]\n",
      "  [1.81818182e-02 1.96363636e-01 6.16363636e-01 1.69090909e-01]\n",
      "  [2.38379023e-03 1.19189511e-02 1.41835518e-01 8.43861740e-01]]\n",
      "\n",
      " [[6.15894040e-01 3.50993377e-01 2.64900662e-02 6.62251656e-03]\n",
      "  [8.94941634e-02 5.87548638e-01 2.72373541e-01 5.05836576e-02]\n",
      "  [2.98210736e-02 1.61033797e-01 6.50099404e-01 1.59045726e-01]\n",
      "  [9.65018094e-03 9.65018094e-03 1.72496984e-01 8.08202654e-01]]\n",
      "\n",
      " [[4.38596491e-01 4.32748538e-01 1.16959064e-01 1.16959064e-02]\n",
      "  [9.39597315e-02 6.27516779e-01 2.51677852e-01 2.68456376e-02]\n",
      "  [4.41988950e-02 1.67587477e-01 6.39042357e-01 1.49171271e-01]\n",
      "  [6.98486612e-03 2.79394645e-02 1.38533178e-01 8.26542491e-01]]\n",
      "\n",
      " [[6.36363636e-01 3.04812834e-01 4.81283422e-02 1.06951872e-02]\n",
      "  [1.07558140e-01 6.30813953e-01 2.26744186e-01 3.48837209e-02]\n",
      "  [2.65654649e-02 1.68880455e-01 6.45161290e-01 1.59392789e-01]\n",
      "  [3.78310214e-03 1.63934426e-02 1.52585120e-01 8.27238335e-01]]\n",
      "\n",
      " [[7.33695652e-01 2.22826087e-01 2.71739130e-02 1.63043478e-02]\n",
      "  [1.49509804e-01 6.39705882e-01 1.59313725e-01 5.14705882e-02]\n",
      "  [1.81818182e-02 1.77777778e-01 6.06060606e-01 1.97979798e-01]\n",
      "  [5.97907324e-03 1.79372197e-02 1.30044843e-01 8.46038864e-01]]\n",
      "\n",
      " [[7.52293578e-01 2.11009174e-01 3.21100917e-02 4.58715596e-03]\n",
      "  [8.23863636e-02 6.53409091e-01 2.41477273e-01 2.27272727e-02]\n",
      "  [1.75054705e-02 1.40043764e-01 6.41137856e-01 2.01312910e-01]\n",
      "  [4.84652666e-03 1.61550889e-02 1.24394184e-01 8.54604200e-01]]\n",
      "\n",
      " [[5.44600939e-01 3.23943662e-01 5.16431925e-02 7.98122066e-02]\n",
      "  [2.11488251e-01 5.92689295e-01 1.85378590e-01 1.04438642e-02]\n",
      "  [4.42477876e-02 1.61504425e-01 6.17256637e-01 1.76991150e-01]\n",
      "  [1.02639296e-02 2.78592375e-02 1.18768328e-01 8.43108504e-01]]\n",
      "\n",
      " [[7.45454545e-01 2.06060606e-01 4.54545455e-02 3.03030303e-03]\n",
      "  [1.55216285e-01 7.25190840e-01 1.01781170e-01 1.78117048e-02]\n",
      "  [2.56410256e-02 2.41025641e-01 5.74358974e-01 1.58974359e-01]\n",
      "  [1.53374233e-03 2.45398773e-02 1.27300613e-01 8.46625767e-01]]\n",
      "\n",
      " [[6.87203791e-01 2.70142180e-01 4.26540284e-02 0.00000000e+00]\n",
      "  [1.22352941e-01 6.37647059e-01 2.07058824e-01 3.29411765e-02]\n",
      "  [4.21286031e-02 1.81818182e-01 5.98669623e-01 1.77383592e-01]\n",
      "  [5.00000000e-03 2.83333333e-02 1.48333333e-01 8.18333333e-01]]\n",
      "\n",
      " [[7.44493392e-01 2.37885463e-01 1.32158590e-02 4.40528634e-03]\n",
      "  [1.27659574e-01 6.89361702e-01 1.70212766e-01 1.27659574e-02]\n",
      "  [4.23076923e-02 1.90384615e-01 6.44230769e-01 1.23076923e-01]\n",
      "  [3.25203252e-03 3.41463415e-02 1.80487805e-01 7.82113821e-01]]\n",
      "\n",
      " [[7.81376518e-01 1.90283401e-01 2.83400810e-02 0.00000000e+00]\n",
      "  [1.82017544e-01 6.44736842e-01 1.57894737e-01 1.53508772e-02]\n",
      "  [2.63691684e-02 1.90669371e-01 6.16632860e-01 1.66328600e-01]\n",
      "  [4.04040404e-03 3.23232323e-02 1.77777778e-01 7.85858586e-01]]\n",
      "\n",
      " [[7.80254777e-01 1.84713376e-01 2.86624204e-02 6.36942675e-03]\n",
      "  [1.34883721e-01 6.88372093e-01 1.67441860e-01 9.30232558e-03]\n",
      "  [1.48148148e-02 2.07407407e-01 6.29629630e-01 1.48148148e-01]\n",
      "  [1.91938580e-03 1.53550864e-02 1.63147793e-01 8.19577735e-01]]\n",
      "\n",
      " [[8.39869281e-01 1.47058824e-01 1.30718954e-02 0.00000000e+00]\n",
      "  [1.80156658e-01 6.60574413e-01 1.38381201e-01 2.08877285e-02]\n",
      "  [1.73410405e-02 2.25433526e-01 6.44508671e-01 1.12716763e-01]\n",
      "  [2.19780220e-03 2.19780220e-02 1.91208791e-01 7.84615385e-01]]\n",
      "\n",
      " [[8.27586207e-01 1.68582375e-01 0.00000000e+00 3.83141762e-03]\n",
      "  [1.16945107e-01 6.94510740e-01 1.50357995e-01 3.81861575e-02]\n",
      "  [7.75193798e-03 2.53229974e-01 6.35658915e-01 1.03359173e-01]\n",
      "  [0.00000000e+00 4.49172577e-02 1.70212766e-01 7.84869976e-01]]\n",
      "\n",
      " [[8.12056738e-01 1.70212766e-01 1.77304965e-02 0.00000000e+00]\n",
      "  [1.66666667e-01 6.50406504e-01 1.70731707e-01 1.21951220e-02]\n",
      "  [1.56657963e-02 3.02872063e-01 5.11749347e-01 1.69712794e-01]\n",
      "  [0.00000000e+00 5.42168675e-02 2.13855422e-01 7.31927711e-01]]\n",
      "\n",
      " [[8.53556485e-01 1.29707113e-01 8.36820084e-03 8.36820084e-03]\n",
      "  [1.76151762e-01 7.07317073e-01 1.02981030e-01 1.35501355e-02]\n",
      "  [2.18181818e-02 3.20000000e-01 5.85454545e-01 7.27272727e-02]\n",
      "  [1.41509434e-02 2.83018868e-02 2.26415094e-01 7.31132075e-01]]\n",
      "\n",
      " [[8.07560137e-01 1.71821306e-01 1.37457045e-02 6.87285223e-03]\n",
      "  [1.74897119e-01 6.21399177e-01 1.81069959e-01 2.26337449e-02]\n",
      "  [5.82822086e-02 3.31288344e-01 5.30674847e-01 7.97546012e-02]\n",
      "  [1.70212766e-02 1.02127660e-01 3.02127660e-01 5.78723404e-01]]\n",
      "\n",
      " [[7.63157895e-01 2.26973684e-01 6.57894737e-03 3.28947368e-03]\n",
      "  [2.00980392e-01 6.74019608e-01 1.22549020e-01 2.45098039e-03]\n",
      "  [3.66666667e-02 2.36666667e-01 6.06666667e-01 1.20000000e-01]\n",
      "  [1.14285714e-02 2.85714286e-02 2.57142857e-01 7.02857143e-01]]\n",
      "\n",
      " [[8.03482587e-01 1.46766169e-01 3.23383085e-02 1.74129353e-02]\n",
      "  [1.44846797e-01 7.52089136e-01 1.00278552e-01 2.78551532e-03]\n",
      "  [2.31481481e-02 2.26851852e-01 6.62037037e-01 8.79629630e-02]\n",
      "  [0.00000000e+00 4.54545455e-02 2.01298701e-01 7.53246753e-01]]\n",
      "\n",
